Northeast:
D: -79.93596322545625
K: 40.443946388131266
Southwest:
D: -79.95532877484377
K: 40.436597411027364